-2.814343, 1.961000, 33.000000
-2.826070, 1.952000, 29.000000
-2.837523, 1.967000, 33.000000
-2.848978, 1.993000, 29.000000
-2.851159, 16.209999, 29.000000
-2.868885, 2.923000, 33.000000
-2.880338, 2.920000, 33.000000
-2.892065, 2.918000, 33.000000
-2.903518, 2.917000, 33.000000
-2.915246, 2.915000, 33.000000
-2.926972, 2.914000, 33.000000
-2.938426, 2.912000, 33.000000
-2.950152, 2.913000, 33.000000
-2.961606, 2.910000, 33.000000
-2.973332, 2.911000, 33.000000
-2.984786, 2.906000, 33.000000
-2.996512, 2.908000, 33.000000
-3.008239, 2.909000, 33.000000
-3.019692, 2.912000, 33.000000
-3.031419, 2.913000, 33.000000
-3.042872, 2.914000, 33.000000
-3.054599, 2.913000, 33.000000
-3.066052, 2.916000, 33.000000
-3.077780, 2.916000, 33.000000
-3.089233, 2.919000, 33.000000
-3.100960, 2.921000, 33.000000
-3.112686, 2.923000, 33.000000
-3.124140, 2.925000, 33.000000
-3.135866, 2.935000, 29.000000
3.135866, 2.946000, 29.000000
3.124139, 2.949000, 33.000000
3.112686, 2.960000, 33.000000
3.100959, 2.961000, 37.000000
3.095232, 16.209999, 33.000000
3.083779, 16.209999, 37.000000
3.072052, 16.209999, 41.000000
3.060598, 16.209999, 41.000000
3.048872, 16.209999, 45.000000
3.037418, 16.209999, 49.000000
3.025692, 16.209999, 45.000000
3.013965, 16.209999, 53.000000
2.986695, 1.277000, 61.000000
2.975514, 1.281000, 57.000000
2.963787, 1.286000, 53.000000
2.967332, 16.209999, 49.000000
2.955879, 16.209999, 49.000000
2.944152, 16.209999, 57.000000
2.932426, 16.209999, 57.000000
2.920699, 16.209999, 57.000000
2.893974, 1.300000, 57.000000
2.881975, 1.262000, 61.000000
2.869703, 1.226000, 61.000000
2.857704, 1.200000, 57.000000
2.862613, 16.209999, 157.000000
2.818980, 0.644000, 157.000000
2.807253, 0.647000, 145.000000
2.827706, 16.000000, 1.000000
2.784618, 0.655000, 129.000000
2.804253, 16.000000, 1.000000
2.761711, 0.664000, 125.000000
2.781073, 16.000000, 1.000000
2.738803, 0.674000, 121.000000
2.757620, 16.000000, 1.000000
2.746166, 16.309999, 1.000000
2.734440, 16.000000, 1.000000
2.722714, 16.309999, 1.000000
2.711260, 16.309999, 1.000000
2.699533, 16.309999, 1.000000
2.687807, 16.309999, 1.000000
2.676081, 16.309999, 1.000000
2.664627, 16.309999, 1.000000
2.652900, 16.309999, 1.000000
2.641174, 16.309999, 1.000000
2.629720, 16.309999, 1.000000
2.617994, 16.309999, 1.000000
2.606267, 16.309999, 1.000000
2.594541, 16.309999, 1.000000
2.583087, 16.309999, 1.000000
2.571361, 16.309999, 1.000000
2.559634, 16.309999, 1.000000
2.547908, 16.309999, 1.000000
2.537272, 16.309999, 1.000000
2.525819, 16.309999, 1.000000
2.514092, 16.309999, 1.000000
2.502639, 16.309999, 1.000000
2.490912, 16.309999, 1.000000
2.479186, 16.309999, 1.000000
2.467732, 16.309999, 1.000000
2.456006, 16.309999, 1.000000
2.444552, 16.309999, 1.000000
2.432825, 16.309999, 1.000000
2.421099, 16.309999, 1.000000
2.409645, 16.309999, 1.000000
2.397919, 16.309999, 1.000000
2.386192, 16.309999, 1.000000
2.374739, 16.309999, 1.000000
2.363012, 16.309999, 1.000000
2.351558, 16.309999, 1.000000
2.339832, 16.309999, 1.000000
2.328106, 16.309999, 1.000000
2.316652, 16.209999, 185.000000
2.184661, 0.178000, 153.000000
2.172662, 0.177000, 89.000000
2.281745, 16.000000, 1.000000
2.270019, 16.309999, 1.000000
2.258565, 16.000000, 1.000000
2.246839, 16.309999, 1.000000
2.235112, 16.309999, 1.000000
2.223659, 16.309999, 1.000000
2.211932, 16.309999, 1.000000
2.200478, 16.309999, 1.000000
2.188752, 16.309999, 1.000000
2.177026, 16.309999, 1.000000
2.042581, 0.174000, 41.000000
2.153846, 16.309999, 1.000000
2.019946, 0.175000, 137.000000
2.130665, 16.000000, 1.000000
1.996493, 0.175000, 89.000000
2.107485, 16.000000, 1.000000
1.973313, 0.175000, 137.000000
2.084032, 16.000000, 1.000000
1.949588, 0.175000, 217.000000
2.060580, 16.000000, 1.000000
2.048853, 16.209999, 233.000000
2.037126, 16.000000, 1.000000
2.025673, 16.209999, 41.000000
2.013946, 16.000000, 1.000000
2.002220, 16.309999, 1.000000
1.990766, 16.000000, 1.000000
1.882229, 0.220000, 89.000000
1.870775, 0.221000, 89.000000
1.861230, 0.225000, 57.000000
1.944133, 16.000000, 1.000000
1.836959, 0.223000, 121.000000
1.920953, 16.000000, 1.000000
1.814052, 0.224000, 89.000000
1.897500, 16.000000, 1.000000
1.886047, 16.309999, 1.000000
1.874320, 16.000000, 1.000000
1.862593, 16.309999, 1.000000
1.851140, 16.309999, 1.000000
1.839413, 16.309999, 1.000000
1.827687, 16.309999, 1.000000
1.816233, 16.309999, 1.000000
1.709059, 0.223000, 9.000000
1.697333, 0.223000, 137.000000
1.685879, 0.223000, 185.000000
1.769600, 16.000000, 1.000000
1.662699, 0.224000, 105.000000
1.746420, 16.000000, 1.000000
1.734694, 16.309999, 1.000000
1.722967, 16.000000, 1.000000
1.711514, 16.209999, 41.000000
1.622065, 0.273000, 121.000000
1.610339, 0.273000, 121.000000
1.676607, 16.000000, 1.000000
1.587704, 0.275000, 57.000000
1.653154, 16.000000, 1.000000
1.641701, 16.209999, 237.000000
1.629974, 16.000000, 1.000000
1.551162, 0.315000, 5.000000
1.606249, 16.000000, 1.000000
1.527981, 0.316000, 249.000000
1.583068, 16.000000, 1.000000
1.505074, 0.318000, 249.000000
1.559888, 16.000000, 1.000000
1.482439, 0.320000, 249.000000
1.536708, 16.000000, 1.000000
1.459804, 0.322000, 249.000000
1.513528, 16.000000, 1.000000
1.436624, 0.324000, 249.000000
1.490348, 16.000000, 1.000000
1.413989, 0.326000, 249.000000
1.467168, 16.000000, 1.000000
1.391355, 0.329000, 249.000000
1.443987, 16.000000, 1.000000
1.368447, 0.331000, 237.000000
1.420534, 16.000000, 1.000000
1.346085, 0.335000, 237.000000
1.397354, 16.000000, 1.000000
1.323450, 0.338000, 237.000000
1.374174, 16.000000, 1.000000
1.300816, 0.341000, 225.000000
1.350994, 16.000000, 1.000000
1.278454, 0.345000, 225.000000
1.327814, 16.000000, 1.000000
1.255819, 0.349000, 225.000000
1.304634, 16.000000, 1.000000
1.233184, 0.353000, 225.000000
1.281453, 16.000000, 1.000000
1.210822, 0.357000, 213.000000
1.258273, 16.000000, 1.000000
1.188460, 0.362000, 213.000000
1.234821, 16.000000, 1.000000
1.166098, 0.367000, 213.000000
1.211640, 16.000000, 1.000000
1.143736, 0.373000, 213.000000
1.188460, 16.000000, 1.000000
1.121374, 0.378000, 201.000000
1.165280, 16.000000, 1.000000
1.099012, 0.385000, 201.000000
1.141827, 16.000000, 1.000000
1.076650, 0.391000, 197.000000
1.118647, 16.000000, 1.000000
1.054561, 0.398000, 193.000000
1.095467, 16.000000, 1.000000
1.032199, 0.405000, 193.000000
1.072287, 16.000000, 1.000000
1.010109, 0.413000, 185.000000
1.049106, 16.000000, 1.000000
0.988020, 0.421000, 185.000000
1.025926, 16.000000, 1.000000
0.965658, 0.430000, 177.000000
1.002746, 16.000000, 1.000000
0.943568, 0.440000, 173.000000
0.979566, 16.000000, 1.000000
0.921479, 0.450000, 169.000000
0.956386, 16.000000, 1.000000
0.899390, 0.461000, 161.000000
0.933206, 16.000000, 1.000000
0.877300, 0.472000, 161.000000
0.910025, 16.000000, 1.000000
0.855211, 0.485000, 149.000000
0.886845, 16.000000, 1.000000
0.833395, 0.498000, 149.000000
0.863665, 16.000000, 1.000000
0.811578, 0.514000, 201.000000
0.840213, 16.000000, 1.000000
0.789216, 0.526000, 145.000000
0.817032, 16.000000, 1.000000
0.767399, 0.544000, 145.000000
0.793852, 16.000000, 1.000000
0.745310, 0.558000, 145.000000
0.770672, 16.000000, 1.000000
0.723221, 0.575000, 137.000000
0.747492, 16.000000, 1.000000
0.701132, 0.591000, 113.000000
0.724312, 16.000000, 1.000000
0.677679, 0.590000, 145.000000
0.701132, 16.000000, 1.000000
0.689405, 16.209999, 105.000000
0.677679, 16.000000, 1.000000
0.666225, 16.209999, 185.000000
0.654498, 16.000000, 1.000000
0.532325, 0.193000, 201.000000
0.631318, 16.000000, 1.000000
0.505873, 0.188000, 217.000000
0.608138, 16.000000, 1.000000
0.480238, 0.184000, 217.000000
0.584685, 16.000000, 1.000000
0.454331, 0.180000, 233.000000
0.561505, 16.000000, 1.000000
0.428969, 0.177000, 249.000000
0.538325, 16.000000, 1.000000
0.402789, 0.173000, 9.000000
0.515145, 16.000000, 1.000000
0.377427, 0.170000, 25.000000
0.491692, 16.000000, 1.000000
0.352066, 0.167000, 41.000000
0.468512, 16.000000, 1.000000
0.326158, 0.164000, 57.000000
0.445332, 16.000000, 1.000000
0.301342, 0.162000, 41.000000
0.421879, 16.000000, 1.000000
0.277343, 0.161000, 73.000000
0.398699, 16.000000, 1.000000
0.251982, 0.159000, 57.000000
0.375519, 16.000000, 1.000000
0.227984, 0.158000, 57.000000
0.352339, 16.000000, 1.000000
0.203167, 0.156000, 73.000000
0.328885, 16.000000, 1.000000
0.179442, 0.155000, 89.000000
0.305705, 16.000000, 1.000000
0.154898, 0.154000, 105.000000
0.282525, 16.000000, 1.000000
0.131718, 0.154000, 105.000000
0.259073, 16.000000, 1.000000
0.107720, 0.153000, 105.000000
0.235892, 16.000000, 1.000000
0.083176, 0.152000, 89.000000
0.212167, 16.000000, 1.000000
0.059723, 0.152000, 105.000000
0.188986, 16.000000, 1.000000
0.036270, 0.152000, 105.000000
0.165806, 16.000000, 1.000000
0.012272, 0.151000, 105.000000
0.142353, 16.000000, 1.000000
-0.011181, 0.151000, 105.000000
0.119173, 16.000000, 1.000000
-0.034361, 0.151000, 105.000000
0.095720, 16.000000, 1.000000
-0.057541, 0.151000, 89.000000
0.072540, 16.000000, 1.000000
-0.080994, 0.151000, 73.000000
0.049087, 16.000000, 1.000000
-0.103356, 0.152000, 89.000000
0.025907, 16.000000, 1.000000
-0.126809, 0.152000, 73.000000
0.002727, 16.000000, 1.000000
-0.149989, 0.152000, 73.000000
-0.020726, 16.000000, 1.000000
-0.173442, 0.152000, 73.000000
-0.043906, 16.000000, 1.000000
-0.195532, 0.153000, 73.000000
-0.067359, 16.000000, 1.000000
-0.217893, 0.154000, 57.000000
-0.090539, 16.000000, 1.000000
-0.241346, 0.154000, 41.000000
-0.113992, 16.000000, 1.000000
-0.263436, 0.155000, 25.000000
-0.137172, 16.000000, 1.000000
-0.286343, 0.156000, 25.000000
-0.160352, 16.000000, 1.000000
-0.309523, 0.156000, 9.000000
-0.183805, 16.000000, 1.000000
-0.332158, 0.157000, 25.000000
-0.206985, 16.000000, 1.000000
-0.354520, 0.158000, 25.000000
-0.230438, 16.000000, 1.000000
-0.377155, 0.159000, 25.000000
-0.252800, 16.000000, 1.000000
-0.398153, 0.160000, 25.000000
-0.275980, 16.000000, 1.000000
-0.420515, 0.161000, 25.000000
-0.299160, 16.000000, 1.000000
-0.442877, 0.162000, 25.000000
-0.322340, 16.000000, 1.000000
-0.465239, 0.163000, 9.000000
-0.345521, 16.000000, 1.000000
-0.487602, 0.164000, 9.000000
-0.368701, 16.000000, 1.000000
-0.509145, 0.166000, 9.000000
-0.391881, 16.000000, 1.000000
-0.531507, 0.167000, 9.000000
-0.415061, 16.000000, 1.000000
-0.554142, 0.168000, 249.000000
-0.438241, 16.000000, 1.000000
-0.575686, 0.170000, 233.000000
-0.461421, 16.000000, 1.000000
-0.598866, 0.170000, 217.000000
-0.484602, 16.000000, 1.000000
-0.620683, 0.172000, 249.000000
-0.507782, 16.000000, 1.000000
-0.642227, 0.174000, 233.000000
-0.530962, 16.000000, 1.000000
-0.664862, 0.175000, 217.000000
-0.554142, 16.000000, 1.000000
-0.687223, 0.176000, 217.000000
-0.577322, 16.000000, 1.000000
-0.709040, 0.178000, 217.000000
-0.600502, 16.000000, 1.000000
-0.731402, 0.179000, 217.000000
-0.623682, 16.000000, 1.000000
-0.753218, 0.181000, 217.000000
-0.646863, 16.000000, 1.000000
-0.775308, 0.183000, 201.000000
-0.670043, 16.000000, 1.000000
-0.797670, 0.184000, 201.000000
-0.693223, 16.000000, 1.000000
-0.820032, 0.186000, 201.000000
-0.716676, 16.000000, 1.000000
-0.841849, 0.188000, 185.000000
-0.739583, 16.000000, 1.000000
-0.863938, 0.190000, 185.000000
-0.762763, 16.000000, 1.000000
-0.888209, 0.188000, 73.000000
-0.785944, 16.000000, 1.000000
-0.797397, 16.309999, 1.000000
-0.809124, 16.000000, 1.000000
-0.820577, 16.309999, 1.000000
-0.832304, 16.309999, 1.000000
-0.843757, 16.309999, 1.000000
-0.855212, 16.309999, 1.000000
-0.866937, 16.309999, 1.000000
-0.878392, 16.309999, 1.000000
-0.890118, 16.309999, 1.000000
-0.901572, 16.309999, 1.000000
-0.913025, 16.309999, 1.000000
-0.924752, 16.309999, 1.000000
-0.936205, 16.209999, 53.000000
-0.964294, 1.202000, 65.000000
-0.976293, 1.181000, 77.000000
-0.971112, 16.209999, 53.000000
-1.000019, 1.144000, 85.000000
-1.012018, 1.116000, 69.000000
-1.023744, 1.108000, 73.000000
-1.035471, 1.098000, 117.000000
-1.047198, 1.097000, 113.000000
-1.058651, 1.094000, 105.000000
-1.070378, 1.085000, 109.000000
-1.082104, 1.085000, 105.000000
-1.093558, 1.076000, 125.000000
-1.105284, 1.075000, 121.000000
-1.117010, 1.066000, 117.000000
-1.128464, 1.064000, 113.000000
-1.140191, 1.060000, 101.000000
-1.151917, 1.056000, 65.000000
-1.163644, 1.053000, 65.000000
-1.175097, 1.052000, 69.000000
-1.186824, 1.047000, 77.000000
-1.198550, 1.046000, 61.000000
-1.210276, 1.040000, 57.000000
-1.221458, 1.043000, 53.000000
-1.233457, 1.032000, 65.000000
-1.244910, 1.038000, 81.000000
-1.256637, 1.029000, 57.000000
-1.268090, 1.033000, 101.000000
-1.279817, 1.028000, 93.000000
-1.291543, 1.022000, 105.000000
-1.302725, 1.039000, 101.000000
-1.313905, 1.057000, 93.000000
-1.325905, 1.029000, 109.000000
-1.337631, 1.023000, 117.000000
-1.349630, 1.006000, 89.000000
-1.361356, 0.997000, 93.000000
-1.373083, 0.996000, 97.000000
-1.384537, 0.997000, 81.000000
-1.375810, 16.000000, 1.000000
-1.387537, 16.209999, 49.000000
-1.398990, 16.000000, 1.000000
-1.410717, 16.209999, 69.000000
-1.452441, 0.679000, 77.000000
-1.464167, 0.682000, 73.000000
-1.445350, 16.000000, 1.000000
-1.456805, 16.309999, 1.000000
-1.468531, 16.000000, 1.000000
-1.479985, 16.209999, 81.000000
-1.491711, 16.209999, 29.000000
-1.518982, 1.254000, 33.000000
-1.514618, 16.000000, 1.000000
-1.526345, 16.209999, 177.000000
-1.584159, 0.450000, 185.000000
-1.596158, 0.448000, 193.000000
-1.560979, 16.000000, 1.000000
-1.619611, 0.444000, 185.000000
-1.584159, 16.000000, 1.000000
-1.642518, 0.445000, 185.000000
-1.607339, 16.000000, 1.000000
-1.665426, 0.448000, 185.000000
-1.630519, 16.000000, 1.000000
-1.688606, 0.450000, 177.000000
-1.653699, 16.000000, 1.000000
-1.710968, 0.456000, 145.000000
-1.676880, 16.000000, 1.000000
-1.688333, 16.209999, 105.000000
-1.700060, 16.000000, 1.000000
-1.769055, 0.365000, 153.000000
-1.722967, 16.000000, 1.000000
-1.792781, 0.363000, 189.000000
-1.746148, 16.000000, 1.000000
-1.757874, 16.209999, 177.000000
-1.769328, 16.000000, 1.000000
-1.841595, 0.347000, 177.000000
-1.792508, 16.000000, 1.000000
-1.866139, 0.339000, 189.000000
-1.815688, 16.000000, 1.000000
-1.827142, 16.209999, 201.000000
-1.838595, 16.000000, 1.000000
-1.914408, 0.329000, 189.000000
-1.861775, 16.000000, 1.000000
-1.938134, 0.326000, 213.000000
-1.884956, 16.000000, 1.000000
-1.961859, 0.324000, 213.000000
-1.908136, 16.000000, 1.000000
-1.919590, 16.309999, 1.000000
-1.931316, 16.000000, 1.000000
-1.942770, 16.209999, 69.000000
-1.954496, 16.309999, 1.000000
-1.965950, 16.209999, 89.000000
-1.977403, 16.000000, 1.000000
-2.031672, 0.489000, 153.000000
-2.000583, 16.000000, 1.000000
-2.054034, 0.498000, 137.000000
-2.023763, 16.000000, 1.000000
-2.035218, 16.309999, 1.000000
-2.046944, 16.000000, 1.000000
-2.101486, 0.483000, 113.000000
-2.113212, 0.483000, 121.000000
-2.124666, 0.485000, 121.000000
-2.093304, 16.000000, 1.000000
-2.148119, 0.488000, 121.000000
-2.116757, 16.000000, 1.000000
-2.170480, 0.497000, 121.000000
-2.139937, 16.000000, 1.000000
-2.190388, 0.535000, 177.000000
-2.163117, 16.000000, 1.000000
-2.174844, 16.219999, 185.000000
-2.186298, 16.000000, 1.000000
-2.234566, 0.568000, 137.000000
-2.209478, 16.000000, 1.000000
-2.256384, 0.589000, 105.000000
-2.232658, 16.000000, 1.000000
-2.244385, 16.309999, 1.000000
-2.256111, 16.000000, 1.000000
-2.267565, 16.209999, 41.000000
-2.290199, 1.747000, 49.000000
-2.301380, 1.773000, 49.000000
-2.313106, 1.804000, 45.000000
-2.324288, 1.830000, 45.000000
-2.336015, 1.846000, 61.000000
-2.347468, 1.842000, 49.000000
-2.359195, 1.826000, 49.000000
-2.370648, 1.816000, 49.000000
-2.372012, 16.209999, 45.000000
-2.383466, 16.209999, 49.000000
-2.395192, 16.209999, 57.000000
-2.406918, 16.209999, 41.000000
-2.427644, 2.010000, 41.000000
-2.439370, 2.042000, 41.000000
-2.450552, 2.078000, 41.000000
-2.462005, 2.108000, 37.000000
-2.473459, 2.147000, 49.000000
-2.485185, 2.123000, 41.000000
-2.496639, 2.135000, 45.000000
-2.508365, 2.149000, 37.000000
-2.519546, 2.166000, 41.000000
-2.531545, 2.155000, 41.000000
-2.542999, 2.146000, 37.000000
-2.554725, 2.135000, 41.000000
-2.566452, 2.126000, 41.000000
-2.578178, 2.114000, 41.000000
-2.589633, 2.106000, 41.000000
-2.601632, 2.095000, 41.000000
-2.613086, 2.087000, 41.000000
-2.624812, 2.080000, 41.000000
-2.636266, 2.071000, 45.000000
-2.647992, 2.063000, 45.000000
-2.659446, 2.052000, 41.000000
-2.671172, 2.048000, 41.000000
-2.682898, 2.040000, 45.000000
-2.694625, 2.032000, 45.000000
-2.706078, 2.023000, 45.000000
-2.717805, 2.016000, 41.000000
-2.729258, 2.013000, 41.000000
-2.740985, 2.004000, 45.000000
-2.752439, 2.001000, 45.000000
-2.764166, 1.993000, 45.000000
-2.775892, 1.986000, 45.000000
-2.787618, 1.983000, 45.000000
