-2.814343, 1.959000, 33.000000
-2.826070, 1.950000, 29.000000
-2.837523, 1.964000, 33.000000
-2.848978, 1.994000, 29.000000
-2.851159, 16.209999, 29.000000
-2.868885, 2.923000, 33.000000
-2.880338, 2.918000, 33.000000
-2.892065, 2.921000, 33.000000
-2.903518, 2.915000, 33.000000
-2.915246, 2.913000, 33.000000
-2.926972, 2.913000, 33.000000
-2.938426, 2.910000, 33.000000
-2.950152, 2.912000, 33.000000
-2.961606, 2.909000, 33.000000
-2.973332, 2.911000, 33.000000
-2.984786, 2.908000, 33.000000
-2.996512, 2.909000, 33.000000
-3.008239, 2.909000, 33.000000
-3.019692, 2.913000, 33.000000
-3.031419, 2.911000, 33.000000
-3.042872, 2.915000, 33.000000
-3.054599, 2.912000, 33.000000
-3.066052, 2.914000, 33.000000
-3.077780, 2.919000, 33.000000
-3.089233, 2.920000, 33.000000
-3.100960, 2.922000, 33.000000
-3.112686, 2.925000, 33.000000
-3.124140, 2.925000, 33.000000
-3.135866, 2.935000, 29.000000
3.135866, 2.944000, 29.000000
3.124139, 2.948000, 33.000000
3.112686, 2.956000, 29.000000
3.100959, 2.960000, 37.000000
3.095232, 16.209999, 29.000000
3.083779, 16.209999, 37.000000
3.072052, 16.209999, 41.000000
3.060598, 16.209999, 41.000000
3.048872, 16.209999, 49.000000
3.037418, 16.209999, 49.000000
3.025692, 16.209999, 45.000000
3.013965, 16.209999, 53.000000
2.986695, 1.277000, 61.000000
2.975514, 1.281000, 57.000000
2.964060, 1.286000, 53.000000
2.967605, 16.209999, 45.000000
2.956151, 16.209999, 49.000000
2.944425, 16.209999, 53.000000
2.932971, 16.209999, 57.000000
2.921245, 16.209999, 53.000000
2.909791, 16.209999, 53.000000
2.882520, 1.265000, 57.000000
2.870521, 1.229000, 61.000000
2.858249, 1.201000, 57.000000
2.863431, 16.209999, 153.000000
2.819798, 0.644000, 157.000000
2.808344, 0.647000, 145.000000
2.828524, 16.000000, 1.000000
2.785709, 0.655000, 129.000000
2.805344, 16.000000, 1.000000
2.762802, 0.664000, 125.000000
2.782164, 16.000000, 1.000000
2.740167, 0.673000, 117.000000
2.758984, 16.000000, 1.000000
2.747530, 16.309999, 1.000000
2.735804, 16.000000, 1.000000
2.724350, 16.309999, 1.000000
2.712623, 16.309999, 1.000000
2.701170, 16.309999, 1.000000
2.689443, 16.309999, 1.000000
2.677989, 16.309999, 1.000000
2.666263, 16.309999, 1.000000
2.654809, 16.309999, 1.000000
2.643083, 16.309999, 1.000000
2.631629, 16.309999, 1.000000
2.619903, 16.309999, 1.000000
2.608449, 16.309999, 1.000000
2.596723, 16.309999, 1.000000
2.585269, 16.309999, 1.000000
2.573543, 16.309999, 1.000000
2.562089, 16.309999, 1.000000
2.550362, 16.309999, 1.000000
2.538636, 16.309999, 1.000000
2.527182, 16.309999, 1.000000
2.515456, 16.309999, 1.000000
2.504002, 16.309999, 1.000000
2.492276, 16.309999, 1.000000
2.480549, 16.309999, 1.000000
2.469095, 16.309999, 1.000000
2.457369, 16.309999, 1.000000
2.445643, 16.309999, 1.000000
2.434189, 16.309999, 1.000000
2.422462, 16.309999, 1.000000
2.410736, 16.309999, 1.000000
2.399282, 16.309999, 1.000000
2.387556, 16.309999, 1.000000
2.376102, 16.309999, 1.000000
2.364376, 16.309999, 1.000000
2.352649, 16.309999, 1.000000
2.341196, 16.309999, 1.000000
2.329469, 16.309999, 1.000000
2.317743, 16.209999, 185.000000
2.186843, 0.179000, 153.000000
2.173753, 0.177000, 89.000000
2.282836, 16.000000, 1.000000
2.271383, 16.309999, 1.000000
2.259656, 16.000000, 1.000000
2.247929, 16.309999, 1.000000
2.236476, 16.309999, 1.000000
2.224749, 16.309999, 1.000000
2.213296, 16.309999, 1.000000
2.201569, 16.309999, 1.000000
2.189843, 16.309999, 1.000000
2.178389, 16.309999, 1.000000
2.043671, 0.174000, 25.000000
2.154936, 16.309999, 1.000000
2.021037, 0.175000, 121.000000
2.131756, 16.000000, 1.000000
1.997584, 0.175000, 73.000000
2.108576, 16.000000, 1.000000
1.974404, 0.175000, 121.000000
2.085123, 16.000000, 1.000000
1.950678, 0.175000, 217.000000
2.061670, 16.000000, 1.000000
2.049944, 16.209999, 249.000000
2.038217, 16.000000, 1.000000
2.026764, 16.209999, 41.000000
2.015037, 16.000000, 1.000000
2.003311, 16.209999, 217.000000
1.991857, 16.000000, 1.000000
1.980130, 16.209999, 73.000000
1.968404, 16.000000, 1.000000
1.861776, 0.224000, 185.000000
1.945224, 16.000000, 1.000000
1.838050, 0.223000, 89.000000
1.922044, 16.000000, 1.000000
1.815142, 0.224000, 89.000000
1.898591, 16.000000, 1.000000
1.887137, 16.309999, 1.000000
1.875411, 16.000000, 1.000000
1.863684, 16.309999, 1.000000
1.852231, 16.309999, 1.000000
1.840504, 16.309999, 1.000000
1.828778, 16.309999, 1.000000
1.817324, 16.309999, 1.000000
1.710150, 0.223000, 9.000000
1.698424, 0.223000, 137.000000
1.686970, 0.223000, 169.000000
1.770691, 16.000000, 1.000000
1.663790, 0.224000, 105.000000
1.747511, 16.000000, 1.000000
1.735785, 16.309999, 1.000000
1.724058, 16.000000, 1.000000
1.712604, 16.209999, 25.000000
1.623156, 0.273000, 121.000000
1.611430, 0.273000, 121.000000
1.677698, 16.000000, 1.000000
1.588795, 0.275000, 57.000000
1.654245, 16.000000, 1.000000
1.642791, 16.209999, 237.000000
1.631065, 16.000000, 1.000000
1.552252, 0.315000, 5.000000
1.608430, 16.000000, 1.000000
1.530163, 0.316000, 249.000000
1.585250, 16.000000, 1.000000
1.507255, 0.318000, 249.000000
1.562070, 16.000000, 1.000000
1.484075, 0.319000, 249.000000
1.538890, 16.000000, 1.000000
1.461713, 0.322000, 249.000000
1.515710, 16.000000, 1.000000
1.438806, 0.324000, 249.000000
1.492256, 16.000000, 1.000000
1.416171, 0.326000, 249.000000
1.469076, 16.000000, 1.000000
1.393264, 0.329000, 249.000000
1.445896, 16.000000, 1.000000
1.370356, 0.331000, 237.000000
1.422716, 16.000000, 1.000000
1.347721, 0.334000, 237.000000
1.399263, 16.000000, 1.000000
1.325360, 0.337000, 237.000000
1.376083, 16.000000, 1.000000
1.302725, 0.341000, 237.000000
1.352903, 16.000000, 1.000000
1.280090, 0.345000, 225.000000
1.329723, 16.000000, 1.000000
1.257728, 0.349000, 225.000000
1.306270, 16.000000, 1.000000
1.235093, 0.353000, 225.000000
1.283090, 16.000000, 1.000000
1.212731, 0.357000, 225.000000
1.259909, 16.000000, 1.000000
1.190097, 0.362000, 213.000000
1.236729, 16.000000, 1.000000
1.167734, 0.367000, 213.000000
1.213549, 16.000000, 1.000000
1.145372, 0.372000, 213.000000
1.190097, 16.000000, 1.000000
1.123010, 0.378000, 201.000000
1.166916, 16.000000, 1.000000
1.100375, 0.384000, 201.000000
1.143463, 16.000000, 1.000000
1.078286, 0.391000, 201.000000
1.120283, 16.000000, 1.000000
1.056197, 0.398000, 193.000000
1.097103, 16.000000, 1.000000
1.033835, 0.405000, 193.000000
1.073923, 16.000000, 1.000000
1.011473, 0.413000, 193.000000
1.050743, 16.000000, 1.000000
0.989383, 0.421000, 185.000000
1.027562, 16.000000, 1.000000
0.967022, 0.430000, 177.000000
1.004110, 16.000000, 1.000000
0.944932, 0.439000, 177.000000
0.980930, 16.000000, 1.000000
0.922843, 0.449000, 165.000000
0.957750, 16.000000, 1.000000
0.900481, 0.460000, 169.000000
0.934569, 16.000000, 1.000000
0.878664, 0.471000, 157.000000
0.911389, 16.000000, 1.000000
0.856575, 0.484000, 153.000000
0.888209, 16.000000, 1.000000
0.834486, 0.497000, 153.000000
0.864756, 16.000000, 1.000000
0.812942, 0.515000, 193.000000
0.841576, 16.000000, 1.000000
0.790579, 0.524000, 153.000000
0.818396, 16.000000, 1.000000
0.768218, 0.540000, 145.000000
0.795216, 16.000000, 1.000000
0.746128, 0.556000, 145.000000
0.772035, 16.000000, 1.000000
0.724312, 0.574000, 153.000000
0.748583, 16.000000, 1.000000
0.701950, 0.590000, 121.000000
0.725403, 16.000000, 1.000000
0.678497, 0.585000, 153.000000
0.702222, 16.000000, 1.000000
0.690496, 16.209999, 105.000000
0.678769, 16.000000, 1.000000
0.635409, 0.645000, 121.000000
0.655589, 16.000000, 1.000000
0.644136, 16.209999, 97.000000
0.632409, 16.000000, 1.000000
0.620955, 16.209999, 89.000000
0.609229, 16.000000, 1.000000
0.570777, 0.755000, 125.000000
0.586049, 16.000000, 1.000000
0.547324, 0.747000, 121.000000
0.562869, 16.000000, 1.000000
0.523872, 0.742000, 113.000000
0.539688, 16.000000, 1.000000
0.527962, 16.209999, 177.000000
0.516508, 16.000000, 1.000000
0.504782, 16.309999, 1.000000
0.493328, 16.000000, 1.000000
0.481602, 16.209999, 129.000000
0.434969, 0.586000, 129.000000
0.423242, 0.587000, 129.000000
0.446968, 16.000000, 1.000000
0.400062, 0.590000, 137.000000
0.423788, 16.000000, 1.000000
0.377155, 0.591000, 129.000000
0.400608, 16.000000, 1.000000
0.353975, 0.592000, 137.000000
0.377155, 16.000000, 1.000000
0.330795, 0.591000, 129.000000
0.353975, 16.000000, 1.000000
0.308432, 0.604000, 121.000000
0.330795, 16.000000, 1.000000
0.286071, 0.620000, 121.000000
0.307614, 16.000000, 1.000000
0.296160, 16.309999, 1.000000
0.284434, 16.000000, 1.000000
0.237801, 0.589000, 89.000000
0.226075, 0.589000, 129.000000
0.214621, 0.586000, 137.000000
0.238074, 16.000000, 1.000000
0.190623, 0.578000, 177.000000
0.214621, 16.000000, 1.000000
0.166897, 0.573000, 137.000000
0.191441, 16.000000, 1.000000
0.143444, 0.568000, 137.000000
0.168261, 16.000000, 1.000000
0.119991, 0.565000, 137.000000
0.145080, 16.000000, 1.000000
0.096539, 0.559000, 145.000000
0.121900, 16.000000, 1.000000
0.073631, 0.564000, 129.000000
0.098720, 16.000000, 1.000000
0.050996, 0.570000, 89.000000
0.075540, 16.000000, 1.000000
0.028634, 0.586000, 105.000000
0.052360, 16.000000, 1.000000
0.040633, 16.209999, 117.000000
0.029180, 16.000000, 1.000000
-0.011181, 0.714000, 129.000000
0.006000, 16.000000, 1.000000
-0.034361, 0.717000, 133.000000
-0.017181, 16.000000, 1.000000
-0.057268, 0.721000, 121.000000
-0.040361, 16.000000, 1.000000
-0.080449, 0.725000, 121.000000
-0.063541, 16.000000, 1.000000
-0.103356, 0.730000, 117.000000
-0.086994, 16.000000, 1.000000
-0.126264, 0.736000, 121.000000
-0.110174, 16.000000, 1.000000
-0.149171, 0.741000, 121.000000
-0.133354, 16.000000, 1.000000
-0.172078, 0.748000, 113.000000
-0.156534, 16.000000, 1.000000
-0.194986, 0.755000, 117.000000
-0.179714, 16.000000, 1.000000
-0.217893, 0.762000, 117.000000
-0.202894, 16.000000, 1.000000
-0.240801, 0.770000, 117.000000
-0.226075, 16.000000, 1.000000
-0.263981, 0.778000, 113.000000
-0.249528, 16.000000, 1.000000
-0.286888, 0.786000, 113.000000
-0.272435, 16.000000, 1.000000
-0.309796, 0.796000, 109.000000
-0.295615, 16.000000, 1.000000
-0.332431, 0.806000, 105.000000
-0.318795, 16.000000, 1.000000
-0.355066, 0.817000, 101.000000
-0.341703, 16.000000, 1.000000
-0.377973, 0.828000, 101.000000
-0.364883, 16.000000, 1.000000
-0.400607, 0.840000, 97.000000
-0.388063, 16.000000, 1.000000
-0.423242, 0.853000, 97.000000
-0.410970, 16.000000, 1.000000
-0.446150, 0.867000, 97.000000
-0.434150, 16.000000, 1.000000
-0.468512, 0.882000, 93.000000
-0.457331, 16.000000, 1.000000
-0.491419, 0.898000, 93.000000
-0.480238, 16.000000, 1.000000
-0.514054, 0.915000, 89.000000
-0.503418, 16.000000, 1.000000
-0.536416, 0.933000, 89.000000
-0.526599, 16.000000, 1.000000
-0.559324, 0.952000, 85.000000
-0.549506, 16.000000, 1.000000
-0.581958, 0.973000, 81.000000
-0.572686, 16.000000, 1.000000
-0.604320, 0.995000, 81.000000
-0.595867, 16.000000, 1.000000
-0.626955, 1.019000, 77.000000
-0.618774, 16.000000, 1.000000
-0.649590, 1.046000, 77.000000
-0.660771, 1.058000, 77.000000
-0.671952, 1.072000, 77.000000
-0.683406, 1.086000, 77.000000
-0.694859, 1.100000, 73.000000
-0.706040, 1.116000, 77.000000
-0.717494, 1.131000, 73.000000
-0.727857, 1.147000, 69.000000
-0.739038, 1.165000, 73.000000
-0.750219, 1.182000, 69.000000
-0.761673, 1.201000, 73.000000
-0.772581, 1.220000, 69.000000
-0.784035, 1.240000, 65.000000
-0.795215, 1.261000, 61.000000
-0.806397, 1.281000, 65.000000
-0.817850, 1.304000, 61.000000
-0.829031, 1.328000, 61.000000
-0.826032, 16.209999, 93.000000
-0.854121, 1.199000, 85.000000
-0.865574, 1.190000, 89.000000
-0.877301, 1.189000, 73.000000
-0.888754, 1.184000, 61.000000
-0.900753, 1.180000, 73.000000
-0.911662, 1.203000, 65.000000
-0.923116, 1.216000, 53.000000
-0.934842, 1.217000, 69.000000
-0.946296, 1.216000, 89.000000
-0.958022, 1.212000, 73.000000
-0.969748, 1.197000, 69.000000
-0.964840, 16.209999, 73.000000
-0.993474, 1.162000, 81.000000
-1.005473, 1.123000, 73.000000
-1.017472, 1.113000, 77.000000
-1.029199, 1.100000, 93.000000
-1.040925, 1.100000, 121.000000
-1.052379, 1.094000, 117.000000
-1.063833, 1.088000, 101.000000
-1.075559, 1.086000, 109.000000
-1.087285, 1.078000, 109.000000
-1.099012, 1.076000, 129.000000
-1.110466, 1.074000, 113.000000
-1.122192, 1.066000, 129.000000
-1.134191, 1.054000, 97.000000
-1.145372, 1.063000, 93.000000
-1.157371, 1.055000, 61.000000
-1.168825, 1.051000, 65.000000
-1.180551, 1.048000, 69.000000
-1.191187, 1.047000, 69.000000
-1.202641, 1.048000, 57.000000
-1.214367, 1.040000, 57.000000
-1.226094, 1.040000, 49.000000
-1.237547, 1.032000, 89.000000
-1.249274, 1.030000, 49.000000
-1.241365, 16.209999, 133.000000
-1.253092, 16.209999, 85.000000
-1.284180, 1.025000, 105.000000
-1.276272, 16.000000, 1.000000
-1.306543, 1.058000, 89.000000
-1.318814, 1.035000, 85.000000
-1.330268, 1.030000, 113.000000
-1.342267, 1.028000, 105.000000
-1.354266, 0.999000, 93.000000
-1.365993, 0.996000, 97.000000
-1.377446, 0.996000, 93.000000
-1.368993, 16.000000, 1.000000
-1.380446, 16.209999, 25.000000
-1.392173, 16.000000, 1.000000
-1.403626, 16.309999, 1.000000
-1.415353, 16.209999, 81.000000
-1.457077, 0.680000, 73.000000
-1.468804, 0.682000, 73.000000
-1.449987, 16.000000, 1.000000
-1.461713, 16.309999, 1.000000
-1.473167, 16.000000, 1.000000
-1.484893, 16.309999, 1.000000
-1.496347, 16.209999, 113.000000
-1.552798, 0.468000, 97.000000
-1.564251, 0.466000, 121.000000
-1.531254, 16.000000, 1.000000
-1.588522, 0.455000, 177.000000
-1.554434, 16.000000, 1.000000
-1.612520, 0.448000, 177.000000
-1.577614, 16.000000, 1.000000
-1.635973, 0.447000, 185.000000
-1.600794, 16.000000, 1.000000
-1.659153, 0.447000, 177.000000
-1.623974, 16.000000, 1.000000
-1.682334, 0.449000, 177.000000
-1.647154, 16.000000, 1.000000
-1.705514, 0.445000, 193.000000
-1.670335, 16.000000, 1.000000
-1.728966, 0.444000, 185.000000
-1.693515, 16.000000, 1.000000
-1.752420, 0.441000, 185.000000
-1.716695, 16.000000, 1.000000
-1.775600, 0.441000, 201.000000
-1.739876, 16.000000, 1.000000
-1.800417, 0.426000, 177.000000
-1.763056, 16.000000, 1.000000
-1.774509, 16.209999, 177.000000
-1.786236, 16.000000, 1.000000
-1.797689, 16.309999, 1.000000
-1.809143, 16.000000, 1.000000
-1.884411, 0.332000, 153.000000
-1.896137, 0.331000, 189.000000
-1.907591, 0.332000, 213.000000
-1.855503, 16.000000, 1.000000
-1.867229, 16.209999, 105.000000
-1.878684, 16.000000, 1.000000
-1.958314, 0.311000, 177.000000
-1.901864, 16.000000, 1.000000
-1.982039, 0.309000, 213.000000
-1.925044, 16.000000, 1.000000
-2.006310, 0.304000, 213.000000
-1.948224, 16.000000, 1.000000
-2.030036, 0.301000, 225.000000
-1.971404, 16.000000, 1.000000
-2.053217, 0.301000, 201.000000
-1.994584, 16.000000, 1.000000
-2.077488, 0.296000, 201.000000
-2.017764, 16.000000, 1.000000
-2.099849, 0.299000, 165.000000
-2.040945, 16.000000, 1.000000
-2.052398, 16.309999, 1.000000
-2.064125, 16.000000, 1.000000
-2.075578, 16.309999, 1.000000
-2.087305, 16.309999, 1.000000
-2.099031, 16.309999, 1.000000
-2.110485, 16.309999, 1.000000
-2.121938, 16.309999, 1.000000
-2.133665, 16.309999, 1.000000
-2.145118, 16.209999, 145.000000
-2.200206, 0.477000, 121.000000
-2.211659, 0.481000, 121.000000
-2.179753, 16.000000, 1.000000
-2.234566, 0.485000, 129.000000
-2.202933, 16.000000, 1.000000
-2.256111, 0.498000, 137.000000
-2.226113, 16.000000, 1.000000
-2.237567, 16.219999, 201.000000
-2.249293, 16.000000, 1.000000
-2.260747, 16.209999, 133.000000
-2.272200, 16.000000, 1.000000
-2.318561, 0.599000, 81.000000
-2.295380, 16.000000, 1.000000
-2.306834, 16.309999, 1.000000
-2.318561, 16.000000, 1.000000
-2.330015, 16.209999, 41.000000
-2.352104, 1.836000, 45.000000
-2.363558, 1.823000, 49.000000
-2.375011, 1.825000, 45.000000
-2.386465, 1.860000, 53.000000
-2.387829, 16.209999, 45.000000
-2.399555, 16.209999, 57.000000
-2.411009, 16.209999, 41.000000
-2.431735, 2.018000, 41.000000
-2.443188, 2.051000, 41.000000
-2.454642, 2.087000, 41.000000
-2.465823, 2.110000, 57.000000
-2.477549, 2.133000, 45.000000
-2.489003, 2.120000, 41.000000
-2.500729, 2.137000, 45.000000
-2.511910, 2.161000, 41.000000
-2.523365, 2.165000, 41.000000
-2.535364, 2.151000, 41.000000
-2.546818, 2.142000, 37.000000
-2.558544, 2.131000, 41.000000
-2.570270, 2.124000, 41.000000
-2.581724, 2.112000, 41.000000
-2.593178, 2.105000, 45.000000
-2.605177, 2.094000, 41.000000
-2.616630, 2.085000, 41.000000
-2.628357, 2.079000, 41.000000
-2.639810, 2.068000, 45.000000
-2.651537, 2.060000, 45.000000
-2.662990, 2.051000, 41.000000
-2.674717, 2.045000, 41.000000
-2.686443, 2.037000, 45.000000
-2.697898, 2.030000, 45.000000
-2.709624, 2.021000, 45.000000
-2.721078, 2.017000, 45.000000
-2.732804, 2.009000, 45.000000
-2.744258, 2.004000, 45.000000
-2.755984, 1.999000, 45.000000
-2.767710, 1.992000, 45.000000
-2.779437, 1.986000, 45.000000